SM:2022-12-12T19:03:26.7767365Z
LM:2022-12-12T19:03:27.4680219Z
CT:image/jpeg
MA:604800
CL:40698
