SM:2022-12-13T11:32:56.7953121Z
LM:2022-12-13T11:33:21.1738076Z
CT:image/png
MA:604800
CL:18104
