SM:2022-12-13T10:51:39.2946696Z
LM:2022-12-13T10:51:40.2731543Z
CT:image/png
MA:604800
CL:112039
