SM:2022-12-13T11:23:30.7549314Z
LM:2022-12-13T11:23:31.6173057Z
CT:image/png
MA:604800
CL:59887
