SM:2022-12-13T11:27:30.5856935Z
LM:2022-12-13T11:33:21.0881348Z
CT:image/png
MA:604800
CL:49533
