SM:2022-12-13T11:06:06.9390130Z
LM:2022-12-13T11:06:07.8920714Z
CT:image/jpeg
MA:604800
CL:24555
