SM:2022-12-13T11:23:30.7549314Z
LM:2022-12-13T11:33:21.2525307Z
CT:image/png
MA:604800
CL:59887
