SM:2022-12-12T20:07:12.0243420Z
LM:2022-12-13T11:33:21.5406037Z
CT:image/png
MA:604800
CL:280014
