SM:2022-12-13T11:06:06.9390130Z
LM:2022-12-13T11:33:21.1562175Z
CT:image/jpeg
MA:604800
CL:24870
