SM:2022-12-13T11:23:46.8880096Z
LM:2022-12-13T11:23:47.3256978Z
CT:image/png
MA:604800
CL:34278
