SM:2022-12-13T11:32:56.7953121Z
LM:2022-12-13T11:32:57.1234342Z
CT:image/png
MA:604800
CL:18104
