SM:2022-12-13T11:32:34.6688970Z
LM:2022-12-13T11:32:34.9406453Z
CT:image/png
MA:604800
CL:48433
