SM:2022-12-13T11:27:30.5856935Z
LM:2022-12-13T11:27:31.0107258Z
CT:image/png
MA:604800
CL:49533
