SM:2022-12-13T11:28:31.6887688Z
LM:2022-12-13T11:28:32.2133625Z
CT:image/png
MA:604800
CL:40487
