SM:2022-12-12T20:07:12.0243420Z
LM:2022-12-12T20:07:13.3356388Z
CT:image/png
MA:604800
CL:280014
