SM:2022-12-13T11:33:08.5231667Z
LM:2022-12-13T11:33:08.9029161Z
CT:image/png
MA:604800
CL:18619
