SM:2022-12-13T11:40:55.1434417Z
LM:2022-12-13T11:40:55.3951843Z
CT:image/png
MA:604800
CL:54369
