SM:2022-12-13T11:23:46.8880096Z
LM:2022-12-13T11:33:21.1053274Z
CT:image/png
MA:604800
CL:34278
