SM:2022-12-13T10:51:39.2946696Z
LM:2022-12-13T11:33:21.4006472Z
CT:image/png
MA:604800
CL:114045
