SM:2022-12-13T11:32:34.6688970Z
LM:2022-12-13T11:33:21.0844084Z
CT:image/png
MA:604800
CL:48433
