SM:2022-12-13T11:25:47.8434740Z
LM:2022-12-13T11:25:48.4458036Z
CT:image/png
MA:604800
CL:16542
